10012
14948
14232
16840
16708
12728
16260
14456
10300
10628
2904
19152
3012
8836
9208
11160
13904
14092
18484
17152
10760
11016
8600
9840
13496
4436
14368
13400
3808
3392
12488
9232
13984
7436
10480
7812
13332
15336
16344
7232
7076
16340
9820
16764
8484
7956
13628
4276
12884
18188
3888
11628
3472
14352
11452
9548
17248
17560
16740
3492
17696
19100
21036
8248
17940
12540
2628
18128
21760
4732
4028
22596
980
7872
21596
5428
22312
4264
23500
22348
21744
7492
21372
22716
21460
20280
20604
17128
7128
10268
10128
11144
10120
10960
23404
25336
7844
10912
6816
19544
1192
19596
9580
13852
20020
544
17784
10396
316
8216
25864
13928
25048
4260
21940
5272
27112
23052
26156
12584
24064
26372
17032
26632
13620
26588
13156
10424
15044
6776
9204
14916
11888
14604
13808
16364
8396
16788
15608
1252
